1.668103
1.774347
2.958764
4.304182
4.357901
6.111903
7.076970
7.240314
9.545346
12.009159
12.508215
14.723214
15.372812
16.700971
18.986126
21.307537
24.577480
25.326038
26.463922
27.427002
32.475325
33.443742
34.118420
43.295929
44.468792
44.693898
46.097167
46.498781
47.836877
49.745129
73.679098
75.551970
77.587198
79.292206
80.052164
80.324254
86.275678
86.334284
88.255778
89.149422
89.172469
90.325122
96.597571
98.525189
107.767987
108.591622
109.388673
110.623409
113.485141
116.267804
119.377188
120.049607
124.615188
125.170483
128.272992
129.291163
131.529847
133.544947
136.758387
139.579179
140.718313
141.869134
146.595528
156.841778
157.142799
157.927218
164.982895
165.948915
167.555948
168.251724
170.228579
170.904820
179.451114
183.688753
189.899945
192.422421
