5.365483
5.700469
5.930962
6.718922
7.500969
7.639229
11.304865
14.037359
14.455844
14.907392
18.104717
18.702989
24.426818
25.587163
26.873725
28.625934
29.571007
32.492943
37.024368
40.091806
46.558405
47.360542
57.008905
57.892678
59.126863
64.458292
66.915501
69.098214
70.617813
77.429640
78.007205
79.162389
81.286810
81.893585
88.831388
89.059383
89.540597
93.666075
95.221253
95.590786
99.280238
100.039575
101.411184
105.685561
107.058320
107.063959
107.666135
109.441538
109.796547
110.937994
111.389996
114.074182
119.086127
119.903531
123.267841
123.997955
125.356944
127.308852
128.276113
133.673328
147.189408
151.474851
153.680120
164.670405
168.428251
169.130247
169.403314
170.999321
171.929591
172.447417
176.553957
180.128680
180.558176
181.340577
